1 0.733652 0.740854 0.179600 0.286649
1 0.864600 0.611322 0.255890 0.211829
1 0.912478 0.821662 0.175044 0.356676
1 0.756508 0.543151 0.213781 0.124673
1 0.834515 0.463598 0.140436 0.124152
1 0.925512 0.537684 0.148977 0.247891
1 0.682696 0.384393 0.119057 0.068678
1 0.785609 0.414619 0.167269 0.087637
1 0.757665 0.466582 0.151415 0.148972
1 0.627100 0.465641 0.106370 0.164633
1 0.568496 0.429332 0.100107 0.114553
1 0.446828 0.278558 0.031859 0.069586
1 0.549124 0.271589 0.038105 0.070280
1 0.609466 0.356836 0.094431 0.074766
1 0.524880 0.374873 0.110080 0.073458
1 0.332389 0.309012 0.076183 0.102590
1 0.438207 0.343531 0.047785 0.143458
1 0.571370 0.369653 0.103416 0.085634
1 0.299818 0.460320 0.118052 0.252897
1 0.124911 0.647109 0.249822 0.369573
1 0.554956 0.641522 0.218043 0.216342
