1 0.296782 0.485146 0.139496 0.115792
1 0.608042 0.417417 0.056600 0.172125
1 0.749713 0.703792 0.179683 0.473792
1 0.710059 0.475385 0.078382 0.121021
1 0.772421 0.428563 0.070094 0.205333
1 0.847274 0.409469 0.087351 0.173396
1 0.845164 0.466740 0.142309 0.194062
1 0.948898 0.378885 0.080961 0.073021
1 0.959074 0.453885 0.065322 0.093896
1 0.877345 0.316292 0.071618 0.087125
1 0.567433 0.433073 0.048652 0.184687
1 0.312573 0.455833 0.138558 0.235792
1 0.283570 0.563396 0.087702 0.119542
1 0.162626 0.721687 0.280610 0.299625
1 0.112081 0.751750 0.224162 0.496500
1 0.455856 0.759771 0.172884 0.239625
1 0.470967 0.381865 0.100387 0.140854
1 0.513910 0.392062 0.050023 0.157750
1 0.554062 0.378292 0.069742 0.138958
