1 0.500591 0.802527 0.179076 0.394946
1 0.825545 0.477210 0.078909 0.110593
1 0.797106 0.446954 0.047242 0.110593
1 0.711629 0.420094 0.074515 0.086065
1 0.740205 0.435741 0.073894 0.077197
1 0.303235 0.380485 0.014667 0.014852
1 0.309561 0.373969 0.012242 0.013410
1 0.224530 0.458551 0.038485 0.063760
1 0.261288 0.400236 0.029727 0.064488
1 0.413909 0.386469 0.035636 0.060863
1 0.469837 0.436577 0.029205 0.037736
1 0.483860 0.452028 0.023932 0.035916
1 0.455894 0.429569 0.074288 0.090863
1 0.428795 0.543726 0.096273 0.079987
1 0.604496 0.561456 0.076356 0.231617
1 0.418061 0.766550 0.176924 0.171267
1 0.428383 0.671152 0.133477 0.111173
1 0.384682 0.634346 0.102652 0.100660
1 0.299617 0.684677 0.145250 0.136712
1 0.260542 0.639980 0.136432 0.122439
1 0.138951 0.668902 0.206477 0.273437
1 0.165500 0.518477 0.050091 0.087305
1 0.898413 0.488430 0.096795 0.116321
