1 0.115571 0.672715 0.231143 0.265056
1 0.070024 0.424216 0.098408 0.136567
1 0.238184 0.330205 0.136719 0.099776
1 0.334902 0.289524 0.153242 0.228228
1 0.488145 0.372584 0.114570 0.117854
1 0.557422 0.442267 0.179687 0.156213
1 0.615195 0.386614 0.110156 0.119720
1 0.732207 0.412985 0.181152 0.338582
1 0.758154 0.437724 0.110840 0.120821
1 0.885488 0.155998 0.065879 0.093825
1 0.580713 0.229468 0.059160 0.059757
1 0.496226 0.238554 0.070381 0.079235
1 0.618896 0.125774 0.054688 0.073078
1 0.561978 0.196409 0.056943 0.067668
