1 0.188532 0.404128 0.100529 0.053133
1 0.099938 0.410165 0.092377 0.059167
1 0.137747 0.438542 0.081960 0.069429
1 0.085743 0.554072 0.136609 0.100849
1 0.732259 0.591631 0.267998 0.162757
1 0.952494 0.760905 0.095012 0.162233
1 0.167824 0.341487 0.045926 0.027675
1 0.124730 0.398843 0.079923 0.052829
1 0.137658 0.347168 0.052199 0.029974
1 0.244718 0.372855 0.064151 0.087294
1 0.234805 0.319627 0.045968 0.024604
1 0.321458 0.325995 0.089622 0.074841
1 0.493389 0.408068 0.085374 0.062474
1 0.318038 0.430995 0.088075 0.062495
1 0.365131 0.446389 0.102562 0.073354
1 0.273210 0.498819 0.100417 0.192577
