1 0.590407 0.533122 0.079881 0.058254
1 0.204221 0.804974 0.408442 0.390053
1 0.448289 0.667884 0.152589 0.114233
1 0.374578 0.529431 0.153562 0.149974
1 0.426414 0.473743 0.090645 0.101296
1 0.465035 0.493519 0.070784 0.108677
1 0.529464 0.480317 0.046429 0.033201
1 0.634127 0.538082 0.070754 0.124762
1 0.669177 0.546991 0.109544 0.072156
1 0.719221 0.517216 0.094871 0.049114
1 0.566637 0.643366 0.156885 0.107976
1 0.664504 0.693327 0.220278 0.288452
1 0.937272 0.590291 0.125456 0.183016
1 0.920982 0.697335 0.158036 0.252262
1 0.965526 0.466455 0.068948 0.069683
1 0.619256 0.467189 0.068075 0.068347
1 0.623026 0.440985 0.043552 0.059114
1 0.689142 0.434167 0.036478 0.063942
1 0.731473 0.423254 0.019216 0.046587
1 0.835144 0.446032 0.055347 0.024735
1 0.914876 0.413525 0.020962 0.032315
