1 0.914885 0.513917 0.036417 0.053204
1 0.120292 0.883981 0.210844 0.232037
1 0.804346 0.491815 0.044422 0.071722
1 0.886466 0.489282 0.050536 0.031157
1 0.918867 0.470806 0.034641 0.041296
1 0.883062 0.521745 0.057802 0.044861
1 0.916219 0.615014 0.090375 0.146583
1 0.857682 0.651630 0.060448 0.198222
1 0.829010 0.545634 0.065552 0.047824
1 0.757745 0.531722 0.040344 0.040870
1 0.768260 0.564324 0.054042 0.046074
1 0.809570 0.607361 0.060422 0.060852
1 0.785987 0.651917 0.089984 0.088241
1 0.709484 0.684093 0.091198 0.168389
1 0.660661 0.568032 0.037698 0.072454
1 0.655651 0.518134 0.055188 0.081509
1 0.688341 0.505185 0.044828 0.089481
1 0.700669 0.577162 0.038516 0.076435
1 0.678323 0.762847 0.160531 0.218787
1 0.935815 0.794574 0.128370 0.205315
1 0.596190 0.714472 0.085339 0.104759
1 0.561711 0.722949 0.071151 0.092157
1 0.481664 0.809782 0.158099 0.229731
1 0.532193 0.809472 0.103521 0.153981
1 0.409292 0.676167 0.090250 0.118463
1 0.354211 0.747644 0.119922 0.178380
1 0.318250 0.845588 0.166479 0.274176
1 0.322477 0.917690 0.262818 0.164620
1 0.204177 0.485597 0.046417 0.026417
1 0.182872 0.567019 0.056484 0.048685
1 0.219526 0.524764 0.047677 0.043472
1 0.263542 0.485644 0.051104 0.051287
1 0.252174 0.534523 0.057255 0.064120
1 0.309026 0.528731 0.058073 0.051074
1 0.096927 0.493319 0.030583 0.024454
1 0.337331 0.512972 0.050943 0.045278
1 0.312484 0.441699 0.028156 0.042269
1 0.366693 0.459394 0.045031 0.044917
1 0.343596 0.423944 0.010849 0.038370
1 0.443661 0.491134 0.052500 0.062139
1 0.419128 0.491880 0.052641 0.057352
1 0.403490 0.498620 0.045000 0.057389
1 0.416708 0.449731 0.020281 0.029981
1 0.479500 0.482120 0.024885 0.062889
1 0.464464 0.459546 0.016510 0.042630
1 0.525888 0.468847 0.037193 0.046750
1 0.608880 0.545764 0.035948 0.099120
1 0.575023 0.428222 0.016401 0.034593
1 0.586229 0.448662 0.021344 0.034380
1 0.612503 0.434384 0.024526 0.034380
1 0.769312 0.443773 0.034146 0.044120
1 0.122792 0.580588 0.058688 0.075639
1 0.073247 0.598736 0.037880 0.098065
1 0.043906 0.610208 0.035531 0.100139
1 0.017339 0.607347 0.034677 0.085028
1 0.093154 0.463079 0.021370 0.058361
1 0.192078 0.467963 0.036167 0.032296
1 0.192529 0.450755 0.015297 0.044972
1 0.156529 0.456338 0.025828 0.048306
1 0.135646 0.479282 0.027865 0.020528
1 0.117815 0.483509 0.028547 0.019926
1 0.761164 0.492356 0.053505 0.069435
