1 0.913361 0.862086 0.173278 0.275828
1 0.175628 0.503775 0.220558 0.263214
1 0.195656 0.698932 0.185576 0.250588
1 0.337883 0.861634 0.263156 0.276732
1 0.917417 0.701187 0.165165 0.170370
1 0.547387 0.547042 0.147960 0.134303
1 0.598968 0.427832 0.142396 0.224597
1 0.666676 0.471901 0.148241 0.116438
1 0.703419 0.373807 0.095392 0.190926
1 0.768545 0.409493 0.137678 0.090773
1 0.820196 0.379570 0.138382 0.098268
1 0.778931 0.227958 0.073940 0.178399
1 0.709038 0.263638 0.146127 0.144597
1 0.680162 0.189461 0.084859 0.122691
1 0.565548 0.264265 0.064087 0.123322
1 0.506219 0.281166 0.101054 0.123312
1 0.452699 0.306830 0.124295 0.123312
1 0.510181 0.151906 0.048903 0.056514
1 0.465141 0.171340 0.061863 0.064336
1 0.419850 0.141797 0.027102 0.116645
1 0.386740 0.193241 0.055429 0.063758
1 0.301624 0.221716 0.081275 0.088682
1 0.059841 0.186765 0.051936 0.158584
1 0.250132 0.122456 0.072543 0.096721
1 0.309228 0.100174 0.088027 0.147800
1 0.209424 0.024820 0.034400 0.049641
1 0.238934 0.023687 0.038493 0.047375
1 0.288511 0.025076 0.042623 0.050153
1 0.098725 0.052353 0.028333 0.104706
