1 0.495918 0.402292 0.077352 0.067866
1 0.457621 0.741905 0.216852 0.251219
1 0.254879 0.643517 0.200633 0.193810
1 0.209430 0.480727 0.193281 0.121032
1 0.334750 0.449683 0.145656 0.098593
1 0.373164 0.337016 0.121672 0.064162
1 0.262965 0.387351 0.156430 0.082415
1 0.095305 0.411137 0.142531 0.113716
1 0.592387 0.432843 0.148227 0.085850
1 0.749629 0.395662 0.088070 0.061735
1 0.619062 0.388828 0.122875 0.080422
1 0.677266 0.348581 0.132969 0.189965
1 0.749020 0.477386 0.094898 0.145018
1 0.865336 0.414267 0.085172 0.070950
1 0.887480 0.727989 0.186883 0.195932
