1 0.624311 0.466412 0.087465 0.078127
1 0.166544 0.474202 0.108175 0.086953
1 0.956535 0.701313 0.086930 0.205000
1 0.199053 0.673015 0.254930 0.245950
1 0.194921 0.785158 0.327316 0.296385
1 0.218132 0.854723 0.436263 0.290554
1 0.330443 0.457117 0.108991 0.098113
1 0.158689 0.419914 0.052518 0.042018
1 0.409588 0.566293 0.058298 0.203958
1 0.568746 0.623931 0.238737 0.168259
1 0.600456 0.649096 0.222246 0.200567
1 0.707447 0.744980 0.213070 0.296187
1 0.909408 0.670534 0.109605 0.165369
1 0.177908 0.546577 0.155711 0.134551
1 0.799101 0.603503 0.156833 0.095396
1 0.892522 0.510356 0.082465 0.105910
1 0.970596 0.535145 0.058807 0.087889
1 0.801873 0.484439 0.106939 0.076609
