1 0.304714 0.794125 0.162837 0.289202
1 0.778474 0.354030 0.031011 0.060681
1 0.830168 0.423536 0.039761 0.045286
1 0.867505 0.449575 0.048994 0.040498
1 0.868765 0.403788 0.032383 0.031442
1 0.663623 0.446094 0.062578 0.031881
1 0.757795 0.457665 0.056577 0.045578
1 0.633098 0.373049 0.065640 0.081208
1 0.811455 0.482269 0.099062 0.061581
1 0.710618 0.415666 0.100513 0.104334
1 0.568401 0.511263 0.082661 0.083463
1 0.643220 0.470403 0.071040 0.046076
1 0.701919 0.473228 0.073096 0.043031
1 0.724246 0.514744 0.102671 0.073895
1 0.744614 0.566255 0.087275 0.112160
1 0.521709 0.725026 0.180371 0.138236
1 0.777207 0.713375 0.134326 0.140469
1 0.783457 0.390454 0.060908 0.031947
1 0.793091 0.340564 0.056377 0.046794
