1 0.710313 0.447994 0.065725 0.207088
1 0.174737 0.397881 0.055508 0.138337
1 0.143325 0.316056 0.084050 0.091712
1 0.200879 0.325450 0.069258 0.048250
1 0.241746 0.297406 0.033908 0.079112
1 0.282025 0.337181 0.089550 0.105637
1 0.377371 0.373919 0.069842 0.114763
1 0.350421 0.290887 0.061725 0.093900
1 0.439679 0.293712 0.065208 0.090850
1 0.473296 0.303275 0.043175 0.107375
1 0.505892 0.454331 0.070317 0.224462
1 0.428062 0.522788 0.081792 0.253300
1 0.540354 0.387788 0.063175 0.180400
1 0.611938 0.349531 0.081142 0.117813
1 0.629908 0.417737 0.072333 0.207100
1 0.663883 0.309756 0.049383 0.110062
1 0.289917 0.478006 0.136467 0.232238
1 0.221271 0.478944 0.046742 0.212838
1 0.057087 0.553881 0.114175 0.258213
1 0.126996 0.722687 0.147108 0.364525
1 0.281446 0.541106 0.143275 0.230562
1 0.874817 0.332863 0.062067 0.119550
1 0.908300 0.457813 0.155750 0.217850
1 0.862225 0.421756 0.161750 0.198313
