1 0.662204 0.502467 0.053075 0.076070
1 0.298397 0.594913 0.116350 0.160450
1 0.517375 0.550757 0.072961 0.047451
1 0.472830 0.512723 0.076185 0.096725
1 0.401549 0.521546 0.043667 0.037728
1 0.308904 0.796827 0.127432 0.382190
1 0.242956 0.766627 0.171071 0.305578
1 0.843884 0.883895 0.210877 0.232211
1 0.620148 0.853777 0.168269 0.292446
1 0.167699 0.501105 0.086720 0.098280
1 0.182776 0.734176 0.226247 0.296561
1 0.699761 0.542661 0.059499 0.047820
1 0.789009 0.580911 0.071105 0.044340
1 0.920100 0.593956 0.082716 0.108669
1 0.918864 0.559094 0.089003 0.107810
