1 0.164148 0.365653 0.078677 0.070942
1 0.693800 0.555738 0.260093 0.234116
1 0.129348 0.803953 0.258697 0.392093
1 0.131295 0.655933 0.262590 0.337484
1 0.269937 0.336242 0.015473 0.034716
1 0.644528 0.377853 0.024683 0.025369
1 0.625190 0.367162 0.025627 0.035009
1 0.439023 0.383411 0.070620 0.028476
1 0.327683 0.348238 0.030207 0.017471
1 0.352660 0.381884 0.065207 0.032604
1 0.312132 0.380978 0.057057 0.038036
1 0.289717 0.365882 0.047547 0.068227
1 0.357810 0.337247 0.020307 0.033338
1 0.826287 0.617773 0.269953 0.282942
1 0.906485 0.650960 0.187030 0.257440
1 0.796420 0.778598 0.322073 0.175231
1 0.764780 0.864051 0.333433 0.214173
1 0.919432 0.528567 0.072903 0.060378
1 0.250990 0.367091 0.031267 0.067622
1 0.206730 0.390129 0.061887 0.034213
1 0.201260 0.367867 0.067547 0.068676
