1 0.715248 0.517335 0.105675 0.046944
1 0.560784 0.641872 0.140278 0.104405
1 0.663864 0.696706 0.218105 0.295212
1 0.920699 0.696832 0.158601 0.252897
1 0.619082 0.466832 0.064712 0.068426
1 0.624395 0.438466 0.048631 0.056878
1 0.690000 0.432467 0.034643 0.061283
1 0.831845 0.445880 0.061131 0.021627
1 0.731448 0.422976 0.020595 0.046958
1 0.963358 0.462183 0.073284 0.065159
1 0.915804 0.413439 0.019187 0.032063
1 0.797604 0.441052 0.052847 0.026627
1 0.943353 0.388426 0.013690 0.014683
1 0.598938 0.537612 0.095913 0.052897
1 0.509038 0.486541 0.051349 0.034775
1 0.468656 0.493208 0.067649 0.108294
1 0.427316 0.474610 0.091081 0.101415
1 0.375491 0.529947 0.149296 0.153995
1 0.441801 0.667937 0.169692 0.109974
1 0.204841 0.805126 0.409683 0.389749
1 0.634067 0.539246 0.069286 0.131455
