1 0.181743 0.441708 0.068322 0.062167
1 0.327107 0.661563 0.087852 0.360208
1 0.073944 0.769271 0.147887 0.414292
1 0.316690 0.820552 0.371737 0.358896
1 0.431408 0.801615 0.287582 0.396771
1 0.546185 0.766771 0.297911 0.401875
1 0.695863 0.660677 0.244378 0.240146
1 0.740657 0.613625 0.234014 0.241208
1 0.543991 0.434135 0.106221 0.115687
1 0.450282 0.435844 0.074460 0.107813
1 0.669572 0.458177 0.059660 0.109021
1 0.605381 0.426781 0.055246 0.097021
1 0.507353 0.566583 0.095927 0.135208
1 0.092031 0.569708 0.184061 0.224292
1 0.132899 0.423490 0.050070 0.097021
1 0.254161 0.415885 0.079354 0.096937
