1 0.757673 0.471008 0.151112 0.154673
1 0.122829 0.643258 0.245658 0.367610
1 0.299319 0.463077 0.120632 0.264419
1 0.438065 0.344399 0.047625 0.144499
1 0.335173 0.308144 0.076824 0.105367
1 0.446988 0.276669 0.030703 0.066075
1 0.510427 0.369266 0.080534 0.070414
1 0.611232 0.355354 0.089795 0.073031
1 0.548950 0.274713 0.037082 0.069987
1 0.500431 0.267109 0.030418 0.066075
1 0.687420 0.383178 0.111815 0.073031
1 0.624844 0.423605 0.097909 0.084326
1 0.629626 0.468164 0.109786 0.154326
1 0.795939 0.418945 0.154795 0.104539
1 0.840156 0.468712 0.148959 0.135207
1 0.936041 0.532870 0.127918 0.215968
1 0.861450 0.605421 0.258790 0.212577
1 0.749622 0.543825 0.201717 0.123939
1 0.553399 0.635093 0.214733 0.220841
1 0.734106 0.741008 0.179706 0.288451
1 0.911726 0.821302 0.176548 0.357397
1 0.581975 0.375587 0.080534 0.085674
1 0.575952 0.428191 0.107883 0.116115
