1 0.355005 0.549955 0.123170 0.090135
1 0.766700 0.374955 0.042040 0.092039
1 0.905375 0.454768 0.140290 0.163748
1 0.879620 0.719483 0.157320 0.228351
1 0.889115 0.547091 0.194450 0.217091
1 0.766525 0.454378 0.104730 0.061019
1 0.706720 0.390277 0.071080 0.046792
1 0.534595 0.381559 0.068710 0.102159
1 0.673045 0.431777 0.084670 0.049550
1 0.660875 0.605652 0.101610 0.329025
1 0.544235 0.609708 0.209830 0.115367
1 0.487235 0.473838 0.085590 0.059460
1 0.495645 0.592676 0.161710 0.319565
1 0.190650 0.483688 0.076160 0.184048
1 0.132630 0.492189 0.094200 0.072894
