1 0.519434 0.192914 0.086992 0.102876
1 0.049441 0.109848 0.067898 0.070639
1 0.510863 0.103351 0.052352 0.074212
1 0.105031 0.119933 0.040055 0.073656
1 0.207010 0.108969 0.059887 0.062695
1 0.584541 0.084476 0.035941 0.076508
1 0.575854 0.186766 0.084746 0.110486
1 0.639672 0.176201 0.032391 0.105056
1 0.100689 0.728087 0.201379 0.286649
1 0.156906 0.360006 0.159867 0.184663
1 0.212838 0.359069 0.162371 0.182789
1 0.305084 0.351872 0.136488 0.169637
1 0.384391 0.343108 0.128977 0.160873
1 0.448668 0.329335 0.100594 0.127071
1 0.428426 0.445767 0.204523 0.195929
1 0.473318 0.402220 0.137395 0.136673
1 0.514396 0.323190 0.056004 0.136151
1 0.617006 0.470246 0.196176 0.197809
1 0.770400 0.703418 0.285918 0.471359
1 0.843525 0.680817 0.269754 0.367774
1 0.828627 0.547490 0.264965 0.292953
1 0.726398 0.429930 0.125719 0.175021
1 0.831334 0.437821 0.203355 0.199813
1 0.737184 0.332996 0.095656 0.135108
1 0.762852 0.308427 0.091133 0.128325
1 0.665807 0.340773 0.066785 0.183620
1 0.636398 0.313122 0.052555 0.119977
1 0.592484 0.359341 0.117219 0.146063
