1 0.314919 0.153153 0.076437 0.156496
1 0.352725 0.183816 0.077675 0.063845
1 0.443819 0.320284 0.192112 0.320492
1 0.368500 0.475398 0.351250 0.454318
1 0.396688 0.723712 0.187625 0.329697
1 0.592444 0.638693 0.231313 0.260909
1 0.853394 0.619470 0.253588 0.257008
1 0.795781 0.317841 0.107688 0.321818
1 0.535331 0.158589 0.097263 0.069943
1 0.632731 0.155606 0.100413 0.081288
1 0.682512 0.163002 0.077750 0.059564
1 0.866994 0.149508 0.096688 0.063864
1 0.075050 0.516780 0.150100 0.200114
1 0.183950 0.363030 0.186600 0.113333
