1 0.233912 0.627662 0.109907 0.159614
1 0.118657 0.699336 0.229630 0.194043
1 0.140017 0.813889 0.278924 0.289198
1 0.336840 0.462114 0.049560 0.103889
1 0.167506 0.883781 0.125359 0.232438
1 0.389855 0.848164 0.183669 0.303673
1 0.320498 0.546721 0.062523 0.097608
1 0.066591 0.375224 0.073808 0.083349
1 0.207407 0.462338 0.122593 0.119985
1 0.454410 0.684745 0.181690 0.223472
1 0.363640 0.619444 0.077465 0.238920
1 0.260353 0.565448 0.074340 0.142407
1 0.398767 0.518302 0.104317 0.060926
1 0.506753 0.525748 0.145544 0.143349
1 0.495492 0.543465 0.081956 0.158997
1 0.589890 0.505795 0.097419 0.127330
1 0.715637 0.551782 0.149838 0.129367
1 0.715440 0.625332 0.179977 0.199275
1 0.858438 0.611250 0.129491 0.181543
1 0.911082 0.721165 0.177836 0.315077
1 0.761690 0.821327 0.236620 0.293704
1 0.788449 0.890571 0.423102 0.218858
1 0.543999 0.679429 0.084502 0.110586
1 0.644057 0.675748 0.203090 0.217886
1 0.104595 0.512793 0.161968 0.128951
