1 0.055119 0.174707 0.077838 0.076069
1 0.126425 0.038164 0.046550 0.076328
1 0.192819 0.033474 0.075637 0.066948
1 0.378131 0.066681 0.028738 0.079810
1 0.369050 0.096931 0.071100 0.049552
1 0.195463 0.080241 0.073375 0.044345
1 0.270719 0.084940 0.066562 0.042259
1 0.274881 0.163448 0.161113 0.164828
1 0.372956 0.277888 0.211738 0.263224
1 0.503981 0.182336 0.192788 0.196500
1 0.553944 0.269776 0.139912 0.265000
1 0.625869 0.273828 0.084962 0.256897
1 0.752738 0.271845 0.125250 0.273000
1 0.458563 0.474379 0.287550 0.259138
1 0.420594 0.550474 0.169263 0.182983
1 0.602600 0.791595 0.364675 0.290259
